4.700000000000000000e+01 1.466522101308708415e+00 5.362415196990588662e-02
7.800000000000000000e+01 2.172778316959279366e+00 6.471867224327935986e-02
1.090000000000000000e+02 3.382022083238984678e+00 8.186365057387334776e-02
1.400000000000000000e+02 4.517849781077345916e+00 1.013485895319277130e-01
1.710000000000000000e+02 5.875402143515276343e+00 1.182223987574266694e-01
2.020000000000000000e+02 6.946928260724416937e+00 1.270672981676635727e-01
2.330000000000000000e+02 7.479456430869207750e+00 1.247721412046823991e-01
2.640000000000000000e+02 6.782204395688312459e+00 1.118880120511086818e-01
2.950000000000000000e+02 5.888950935233648210e+00 9.176671695404978180e-02
3.260000000000000000e+02 4.674274354109175356e+00 6.972821602168073618e-02
3.570000000000000000e+02 3.575002165435555046e+00 5.144710503504956040e-02
3.880000000000000000e+02 3.012040439313589779e+00 4.059906375831136977e-02
4.190000000000000000e+02 2.908874478881227965e+00 3.846039215594982547e-02
4.500000000000000000e+02 3.465969690696101058e+00 4.320313485611650128e-02
4.810000000000000000e+02 4.218493065176882162e+00 5.090022178659741464e-02
5.120000000000000000e+02 4.980094559205372029e+00 5.739821185403520820e-02
5.430000000000000000e+02 5.185134861079247592e+00 6.006995350765657882e-02
5.740000000000000000e+02 5.257542044170829598e+00 5.837788859440844191e-02
6.050000000000000000e+02 4.901709214941786463e+00 5.396127366226997207e-02
6.360000000000000000e+02 4.523885286452928867e+00 4.961167012999928572e-02
6.670000000000000000e+02 4.579005337257548547e+00 4.818257631638762917e-02
6.980000000000000000e+02 4.895796959701375073e+00 5.124784715602742624e-02
7.290000000000000000e+02 5.560929677709546048e+00 5.840782808388010616e-02
7.600000000000000000e+02 6.681984181046350280e+00 6.749750481231815702e-02
7.910000000000000000e+02 7.386792583620017894e+00 7.550620261776921915e-02
8.220000000000000000e+02 8.184949157491663740e+00 7.970056508871223300e-02
8.530000000000000000e+02 8.204180632890663460e+00 7.869263919589862544e-02
8.840000000000000000e+02 7.506707902081978467e+00 7.284798876410213120e-02
9.150000000000000000e+02 6.569164812683366605e+00 6.410617209232138958e-02
9.460000000000000000e+02 5.584656063855637953e+00 5.541732377804340498e-02
9.770000000000000000e+02 4.850741563323253125e+00 4.948625017678208449e-02
1.008000000000000000e+03 4.686383364035340726e+00 4.815423832510749153e-02
1.039000000000000000e+03 5.033995144650572406e+00 5.148946096251189042e-02
1.070000000000000000e+03 5.753785990778848891e+00 5.779260022042527478e-02
1.101000000000000000e+03 6.374188589797730842e+00 6.456004566726823712e-02
1.132000000000000000e+03 6.934747289677991589e+00 6.934516907056494095e-02
1.163000000000000000e+03 6.953330674839459213e+00 7.064881434328862397e-02
1.194000000000000000e+03 6.728633070039650832e+00 6.943587435731295165e-02
1.225000000000000000e+03 6.200640564120877052e+00 6.655745987936670383e-02
1.256000000000000000e+03 5.746667732621172142e+00 6.210188063112707935e-02
1.287000000000000000e+03 5.619066958045918270e+00 6.042749591184146812e-02
1.318000000000000000e+03 5.602877194427748009e+00 6.257473986089441553e-02
1.349000000000000000e+03 6.432657526290277872e+00 6.822450299058453738e-02
1.380000000000000000e+03 6.846492549413516038e+00 7.571492654229881880e-02
1.411000000000000000e+03 7.809094399699850975e+00 8.271791693863626838e-02
1.442000000000000000e+03 7.894252518407123276e+00 8.722987724350740601e-02
1.473000000000000000e+03 7.878050896964235328e+00 8.819039098417096045e-02
1.504000000000000000e+03 7.621823607178279225e+00 8.607131982060074737e-02
1.535000000000000000e+03 6.808950008453003022e+00 8.227522193160279051e-02
1.566000000000000000e+03 6.227535715911472813e+00 7.900780144542880745e-02
1.597000000000000000e+03 5.815181064159831159e+00 7.822430601519700377e-02
1.628000000000000000e+03 5.694126346585449028e+00 8.102744291130348220e-02
1.659000000000000000e+03 5.981173025040761537e+00 8.733121904134218128e-02
1.690000000000000000e+03 6.207789300611197270e+00 9.611739550886169714e-02
1.721000000000000000e+03 6.606480894155615680e+00 1.060353856960215002e-01
1.752000000000000000e+03 6.849108637598801508e+00 1.157178463100977800e-01
1.783000000000000000e+03 6.826671469641743428e+00 1.244294726758126968e-01
1.814000000000000000e+03 6.779989253590545495e+00 1.325334902415816751e-01
1.845000000000000000e+03 6.277843288019184342e+00 1.409661584756768948e-01
1.876000000000000000e+03 6.000934907436590748e+00 1.514030358493597961e-01
1.907000000000000000e+03 6.117056060786034699e+00 1.651809378684709617e-01
1.938000000000000000e+03 5.858605161036610554e+00 1.833955610861063845e-01
1.969000000000000000e+03 6.539590728406164288e+00 2.061967978310527139e-01
2.000000000000000000e+03 7.159977824704157889e+00 2.358334629224021761e-01
2.031000000000000000e+03 6.984883853466016035e+00 2.691411106066363135e-01
2.062000000000000000e+03 7.615657727970152280e+00 3.037325673115445213e-01
2.093000000000000000e+03 7.759637348474755392e+00 3.417408694708535255e-01
2.124000000000000000e+03 7.572877029340210342e+00 3.842692361613310181e-01
2.155000000000000000e+03 7.569576849220631232e+00 4.326557893520964759e-01
2.186000000000000000e+03 7.299331780161247174e+00 4.894110418940923468e-01
2.220000000000000000e+03 6.169193268293624577e+00 5.128129843756743522e-01
2.263000000000000000e+03 5.481739823338410922e+00 5.335180516655578797e-01
2.323000000000000000e+03 7.435553699473442357e+00 5.772926878675888052e-01
2.419000000000000000e+03 7.518844544838828803e+00 6.855202591802618262e-01
