8.404988678316313022e-01 6.586631780009732928e-03
1.913143762224448041e+00 1.986925350599721973e-02
2.887935302393046300e+00 2.495126457798013675e-02
3.910624469103518130e+00 2.702161983046291738e-02
4.889158011345701382e+00 2.798464084670104768e-02
5.875362657838730129e+00 2.894494046372475538e-02
6.840986292927047963e+00 2.935104195790128045e-02
7.809416429570553930e+00 2.956898133894991787e-02
8.392113354215208210e-01 6.579816787062209293e-03
1.913083848489721017e+00 2.004523835927063402e-02
2.889825933450826945e+00 2.585735594318672170e-02
3.911195512407084074e+00 2.733778640064565835e-02
4.890375233594816073e+00 2.864696664222421418e-02
5.875367779630655818e+00 2.901598123237825178e-02
6.840859235853488762e+00 2.939254523039647182e-02
7.809163349260889397e+00 2.976802037151138336e-02
8.399721390588169578e-01 6.736552565540177007e-03
1.912422531794837344e+00 1.977264190242711273e-02
2.888007646221192992e+00 2.516518124139555113e-02
3.910058116587194377e+00 2.697643479892430918e-02
4.888828356219089954e+00 2.805647511555520168e-02
5.874343566874483002e+00 2.894618404489612828e-02
6.839811224765592002e+00 2.928216320243492987e-02
7.807714566637409703e+00 2.942965786092521796e-02
8.400491793491486892e-01 6.761153740028835735e-03
1.913485477863582584e+00 2.003032880080457545e-02
2.889609385298717026e+00 2.602253727940651018e-02
3.911108241946164465e+00 2.730749009379573877e-02
4.890232146023435256e+00 2.860916937207225175e-02
5.875731042965245621e+00 2.915803707553177304e-02
6.841354962152902175e+00 2.952717613358313287e-02
7.809978877982695522e+00 2.970755721616580303e-02
8.401013944957042012e-01 6.710346265069611071e-03
1.913433088378230895e+00 2.005256861467952234e-02
2.889577719258582977e+00 2.673997500464908583e-02
3.909019837097838401e+00 2.523116726362006901e-02
4.889995947209656357e+00 2.894234369452863831e-02
5.876175188801513904e+00 2.893355538773256797e-02
6.840984426100349403e+00 2.930480981866701029e-02
7.810067664257790199e+00 3.004621051294353862e-02
8.390648545298746708e-01 6.683006250384537772e-03
1.912336039556190137e+00 1.978362540710110196e-02
2.889587453625056312e+00 2.624740394555757916e-02
3.910399960695854382e+00 2.713020797581089383e-02
4.889690404649917888e+00 2.877167112446521458e-02
5.874356472846772093e+00 2.874197147672052921e-02
6.839559073957657276e+00 2.909107351125062024e-02
7.807912903072937283e+00 2.999521885152667267e-02
8.402282346295559812e-01 6.569590303982741908e-03
1.912817739203996670e+00 2.001962884293062572e-02
2.888410781671565175e+00 2.562635898169762783e-02
3.910156879609715475e+00 2.708499681548159899e-02
4.889126974916594648e+00 2.837345494729781592e-02
5.874475947808839749e+00 2.872084751803516411e-02
6.839937831758476250e+00 2.907638123650002626e-02
7.808401540454166678e+00 2.961837695238589419e-02
8.403800303858652843e-01 6.702725578414558960e-03
1.914190429298486151e+00 2.005086260905608597e-02
2.889924031922160630e+00 2.691181998822722576e-02
3.911153334725498532e+00 2.647853557474899588e-02
4.890616093101605166e+00 2.923409901434848024e-02
5.877164247407330677e+00 2.937513971727589990e-02
6.842083298348955012e+00 2.915228336297026601e-02
7.811663793981118431e+00 3.023320754548830536e-02
8.414908102654544697e-01 6.727074192388382556e-03
1.913608707035174383e+00 2.010203444602920442e-02
2.888075338051232954e+00 2.662828659448779334e-02
3.908856569396170766e+00 2.532253194947431396e-02
4.889089275151969005e+00 2.905560135441476177e-02
5.875832065291345607e+00 2.887878951114064563e-02
6.840626570937517137e+00 2.889612014222020520e-02
7.810257139268633075e+00 3.002809716117571526e-02
8.400229526583529172e-01 6.776619470639566600e-03
1.913560309367235091e+00 2.006854053308315677e-02
2.889759111196328778e+00 2.607991576020696201e-02
3.911157511726826908e+00 2.719612215774969144e-02
4.890357116789209257e+00 2.870346653112321178e-02
5.875933428722328600e+00 2.908268368819388883e-02
6.841441869032832024e+00 2.946946040547882006e-02
7.810326212980785776e+00 2.985496542104648654e-02
8.398375724638537099e-01 6.697559572936162553e-03
1.913284952430562846e+00 2.001141001811213016e-02
2.889634727166380479e+00 2.631768764146569239e-02
3.910827289050815558e+00 2.741673440839820231e-02
4.890141876160094547e+00 2.890226604887402573e-02
5.875386088016298913e+00 2.890260495404639585e-02
6.840803117124973909e+00 2.928113875076121531e-02
7.809926161700476932e+00 3.021439058435682057e-02
8.392820966376570713e-01 6.768142926268483350e-03
1.913939573855755416e+00 2.004390097315411623e-02
2.890577193978446591e+00 2.585754267002959850e-02
3.912007827190625786e+00 2.734177908104351573e-02
4.891269305820650004e+00 2.884214386583305867e-02
5.876715593789391789e+00 2.940269242344939471e-02
6.842295524488317682e+00 2.959585894421312702e-02
7.810874150624196766e+00 2.978787855839737375e-02
8.404783111634821502e-01 6.701293780390971122e-03
1.913971267589411163e+00 2.021068482555121726e-02
2.889755970468455448e+00 2.652310489702314200e-02
3.910964813990738254e+00 2.725433219446093958e-02
4.890457609983515752e+00 2.911399203290176985e-02
5.875883354958267191e+00 2.800385174775676944e-02
6.841656206430229759e+00 2.931221678402451403e-02
7.811322555671613266e+00 3.024817897663201194e-02
8.400793323031772175e-01 6.715415651355138849e-03
1.914800898882539126e+00 2.025043391024761164e-02
2.891264326719954703e+00 2.695775179175008418e-02
3.912036613348550240e+00 2.752954867709123121e-02
4.891837110048900428e+00 2.941381516181174050e-02
5.877199388187474227e+00 2.832882826777893825e-02
6.843095431292264941e+00 2.966156521829521608e-02
7.813070114118420229e+00 3.043650992442703540e-02
8.410118986098646943e-01 6.697217602617211440e-03
1.913124047371551617e+00 2.001737290991512097e-02
2.888041768363718287e+00 2.631239225197345988e-02
3.908118659428530428e+00 2.496641904313978699e-02
4.888983267014625156e+00 2.884210202821346769e-02
5.875237240576469233e+00 2.881134771024473906e-02
6.839933750235321241e+00 2.897530916165624859e-02
7.809090424839618905e+00 2.988111424699724239e-02
8.404631452352546717e-01 6.684272629598475568e-03
1.913426286561203282e+00 1.999862594947487970e-02
2.888915097000670951e+00 2.664437770874661382e-02
3.910065878887916568e+00 2.599763042596325846e-02
4.889654947988001155e+00 2.909880531738995302e-02
5.876139906653667921e+00 2.921352140833910482e-02
6.840818944260600887e+00 2.896514780087322549e-02
7.810157366709143290e+00 3.001988977861991259e-02
8.400279999395356967e-01 6.727722697227545012e-03
1.912589410229240006e+00 1.974806821484831332e-02
2.887985630792925917e+00 2.513135357354601140e-02
3.910185892650455131e+00 2.693569517682181669e-02
4.888952004187298250e+00 2.800968047886254197e-02
5.874645113835629928e+00 2.889336488915095202e-02
6.840118877645021911e+00 2.922392439050902624e-02
7.808213667766867871e+00 2.955334741365334139e-02
8.406497547749787191e-01 6.705348688541779012e-03
1.913525698718864909e+00 2.005717042766530511e-02
2.888494486297282560e+00 2.654740221018192514e-02
3.910272219109476310e+00 2.630133832618097856e-02
4.889343782764161261e+00 2.887188848910149375e-02
5.876061429106435696e+00 2.920037580750278750e-02
6.840773276494185318e+00 2.897847428822064586e-02
7.810147369423146912e+00 3.006058020490520732e-02
8.399587221855762120e-01 6.704209322204834898e-03
1.912977916012382318e+00 1.985088786415856177e-02
2.889092446988821727e+00 2.652444190343494768e-02
3.909288369703335597e+00 2.555105916091404694e-02
4.889680841650136500e+00 2.905962920366444990e-02
5.875839234035251657e+00 2.903046347611848432e-02
6.840421924135063669e+00 2.901007786724463244e-02
7.809468552638731076e+00 2.991824130295395179e-02
8.407872854792035611e-01 6.873282969208416304e-03
1.914050220004736458e+00 2.017271030982970004e-02
2.889726962933486298e+00 2.647003466139619121e-02
3.911141446515756570e+00 2.737788401058782739e-02
4.890521650226167694e+00 2.904271006948455636e-02
5.876197737265403731e+00 2.903794745284660195e-02
6.841875136083667819e+00 2.941128546359994544e-02
7.811626341761758852e+00 3.033880316946291344e-02
8.396838961607866469e-01 6.586136311209522809e-03
1.913295752267676564e+00 1.987600416521639879e-02
2.889596299726386874e+00 2.588721052501163911e-02
3.911083793975485001e+00 2.719227171070492943e-02
4.890196807002062052e+00 2.851322304220271775e-02
5.875684741982468928e+00 2.908151176117534931e-02
6.841297920283286871e+00 2.946968536548943973e-02
7.809911061856495529e+00 2.985673400372856889e-02
8.405227000933139792e-01 6.760570654315789518e-03
1.913106328935398004e+00 1.983618508382534174e-02
2.888625261806097910e+00 2.563909556311516624e-02
3.910615323249970299e+00 2.711223725078548696e-02
4.889507160613884906e+00 2.841485041767644049e-02
5.875332190547183586e+00 2.896491153418612186e-02
6.840919793521197612e+00 2.933546457714086841e-02
7.809505533822513890e+00 2.951738278798288206e-02
8.395272303049956530e-01 6.768084645393690479e-03
1.914272276314861188e+00 2.004288494269657050e-02
2.890564536849075772e+00 2.567687174716626330e-02
3.912339738201889627e+00 2.736212802288706669e-02
4.891252415079563320e+00 2.850136635566702381e-02
5.877277650603765835e+00 2.945075734048074878e-02
6.843088245764146649e+00 2.984583179280519971e-02
7.811706429863948031e+00 2.986539513566821569e-02
8.408836928454592741e-01 6.722244229868334919e-03
1.913202636444530702e+00 1.989707654799954817e-02
2.888459827274077796e+00 2.642263325590832324e-02
3.909742476395865474e+00 2.699111518705432644e-02
4.889268157308967133e+00 2.887387059525980959e-02
5.875289366610085828e+00 2.852651491204305501e-02
6.840339298544176216e+00 2.911480651230657912e-02
7.809657720561820504e+00 3.007289821594749668e-02
8.405035554270540166e-01 6.754971805335130419e-03
1.913128606957152922e+00 1.981686352776401705e-02
2.888174314308320056e+00 2.637022978399272688e-02
3.910514224872647659e+00 2.673473117978542035e-02
4.889111670805039722e+00 2.786365676013247139e-02
5.875560328338035987e+00 2.898963709111423981e-02
6.841072421602755860e+00 2.937545648231054685e-02
7.809388519010548535e+00 2.957322026421049799e-02
8.405570095047538715e-01 6.729007825549082611e-03
1.913437737053689691e+00 1.993806139749643158e-02
2.888410157177400794e+00 2.645767805061671751e-02
3.910655099779321464e+00 2.678957749991850434e-02
4.889364478201704500e+00 2.900842410790982484e-02
5.875921469051300861e+00 2.916791564959186900e-02
6.841551493428330133e+00 2.952284311055652921e-02
7.809984236529363244e+00 2.968970665597137071e-02
8.406061924146026598e-01 6.570753888568425793e-03
1.913591597249737042e+00 2.000629793459829386e-02
2.888676873906483422e+00 2.657346240524782743e-02
3.910194782784979672e+00 2.622268512129410922e-02
4.889382541003486793e+00 2.887109101040685744e-02
5.876029356607014975e+00 2.909190945675454998e-02
6.840858429359358617e+00 2.894713892352829276e-02
7.810162936542714540e+00 2.992007438923582896e-02
8.398734095221747076e-01 6.753608902433261285e-03
1.914637489201556519e+00 2.019223517634105569e-02
2.890572687990880851e+00 2.561758481242426555e-02
3.912365984920477935e+00 2.746738408859572544e-02
4.891483174193004047e+00 2.858477746542842368e-02
5.877525872164265586e+00 2.932498146710571518e-02
6.843540747682428815e+00 2.988572188318272538e-02
7.812363261862240726e+00 2.988362492680529670e-02
8.402418467778166589e-01 6.765372255484458641e-03
1.912788647037374279e+00 2.003626148794301898e-02
2.888393717273472383e+00 2.565448279166471224e-02
3.910313308429868684e+00 2.712765000837302765e-02
4.889293525939510054e+00 2.843015399344483995e-02
5.874649021632513346e+00 2.879223569613564848e-02
6.840128650047978098e+00 2.916214882305290246e-02
7.808608409373261061e+00 2.953087984820168543e-02
8.402992021586324078e-01 6.765352560313964148e-03
1.912854724210251600e+00 1.984525665723624321e-02
2.887939214168918856e+00 2.491347248426700745e-02
3.910356086314758173e+00 2.678264197916746525e-02
4.888995182050327237e+00 2.791932602468438773e-02
5.875117658368849582e+00 2.905325309474005024e-02
6.840660838084252404e+00 2.925899465251635689e-02
7.808823201003688652e+00 2.946377126887966824e-02
8.405436087364663855e-01 6.737092038249681281e-03
1.915077458223165330e+00 2.034551878865586971e-02
2.890954508123548372e+00 2.649094776559346442e-02
3.912221188251855608e+00 2.755042530861162575e-02
4.891849447261984452e+00 2.919083442458436650e-02
5.877667201303194311e+00 2.932743430347617419e-02
6.843791107518238270e+00 3.003547564794661895e-02
7.813291101932052563e+00 3.017913227334734216e-02
8.413237706592511245e-01 6.526567092784985036e-03
1.911950807783302064e+00 1.950199632371307779e-02
2.886364707727944623e+00 2.599991150575364784e-02
3.907675533338372365e+00 2.521826618971667600e-02
4.887300202801435844e+00 2.854914375143646765e-02
5.873810531985269812e+00 2.871231246743644050e-02
6.838175090715815863e+00 2.832583579890446401e-02
7.807006023319293497e+00 2.961313062372372684e-02
8.397442476797667421e-01 6.736777699670959407e-03
1.913759522977671601e+00 2.013734929871224821e-02
2.890035304656941140e+00 2.685753625256026567e-02
3.911077266619555459e+00 2.647006682045649484e-02
4.890523986068894935e+00 2.927052322267265083e-02
5.876685632560736394e+00 2.926948339352630768e-02
6.841583343417990015e+00 2.908991636011837301e-02
7.810771146552396793e+00 3.021489704735635939e-02
8.406321040141746526e-01 6.707768903848609909e-03
1.912652861704783547e+00 1.967161513843129761e-02
2.888314289079939368e+00 2.635726084643730260e-02
3.909648925043923029e+00 2.671051444041472323e-02
4.889023621410040654e+00 2.893712045750529427e-02
5.875082201959889616e+00 2.856089624710200781e-02
6.839789485811708758e+00 2.893575563738437495e-02
7.808767029003133686e+00 2.986618860278156262e-02
8.403087435172564845e-01 6.738598472818102536e-03
1.913928621040099198e+00 1.995837706473246875e-02
2.889556420033823070e+00 2.668036282503738477e-02
3.911100507252619707e+00 2.666274177633853881e-02
4.890274686231206758e+00 2.908874017600560080e-02
5.876728276757670955e+00 2.908455245769214770e-02
6.841716935796805288e+00 2.871513587208607277e-02
7.811185232711555848e+00 3.002451168156117234e-02
8.397267728735473558e-01 6.601626841406083024e-03
1.913267065010248569e+00 2.010201098567820921e-02
2.889434513452621367e+00 2.594256064602928902e-02
3.910817482762687813e+00 2.707465533732023033e-02
4.890174407780790489e+00 2.878500090560631719e-02
5.875347437142870000e+00 2.899177015007481373e-02
6.840820758243090438e+00 2.939334781951075115e-02
7.809483555919040754e+00 2.979377202999700103e-02
8.409636333271726105e-01 6.754161297709782019e-03
1.913188304204914703e+00 1.981288608359776937e-02
2.888175541918635236e+00 2.655852386212442795e-02
3.910195088955453091e+00 2.637931277221872151e-02
4.889101685779431605e+00 2.901608197160587821e-02
5.875660364675818315e+00 2.903626991975460925e-02
6.840569250391732581e+00 2.850410024328731140e-02
7.809770767514120138e+00 2.965072040000205078e-02
8.402100220755233106e-01 6.748912344574309330e-03
1.913972974145630612e+00 1.999616486714117514e-02
2.889627506532261414e+00 2.560286822574120436e-02
3.911527801632287193e+00 2.725784092459182517e-02
4.890552470572930410e+00 2.855521356743206951e-02
5.876504642430155911e+00 2.910062185708284233e-02
6.842423224771861712e+00 2.965397716452056187e-02
7.811150254241911561e+00 2.983161024454350496e-02
8.404321264234575484e-01 6.576125916850861231e-03
1.913040835546804708e+00 1.983864026064807717e-02
2.887867715339228258e+00 2.621661529168228810e-02
3.910370248055906828e+00 2.677924541735432484e-02
4.888749431399548762e+00 2.773201387435619836e-02
5.875168038569634099e+00 2.886888479820726161e-02
6.840833714466808324e+00 2.926519077001810132e-02
7.809116877191196515e+00 2.966054311584542802e-02
8.390090321567813536e-01 6.550369394999977501e-03
1.913204751532044723e+00 1.989685825327280888e-02
2.890270700335008325e+00 2.681469579166417816e-02
3.910133291344157769e+00 2.568440026743168403e-02
4.890548542580649638e+00 2.924673470939875841e-02
5.876359892182268396e+00 2.907918221183436458e-02
6.840958993038212199e+00 2.911750974483329202e-02
7.809837758114774431e+00 3.008309873347414509e-02
8.409077549848258393e-01 6.669854042741008016e-03
1.913240106448758970e+00 1.994222294245506788e-02
2.888677188421393538e+00 2.621153298154021982e-02
3.910246052618374435e+00 2.727212556518709974e-02
4.889573766826797119e+00 2.890620868746118788e-02
5.875015331691458620e+00 2.886966237012167369e-02
6.840633198973770313e+00 2.921199776680971638e-02
7.810141698491870343e+00 3.029410440810842431e-02
8.398245885040412917e-01 6.668862270530762082e-03
1.912732688383999236e+00 1.975787702483078334e-02
2.889134843058116964e+00 2.656602227733539934e-02
3.909048348749896817e+00 2.535490830003794827e-02
4.889541314203452949e+00 2.899865205887230957e-02
5.875426712048086308e+00 2.891930509641671421e-02
6.840114272217449276e+00 2.903569511016534932e-02
7.808892643166250203e+00 3.008036747661169130e-02
8.404231375708182128e-01 6.856168917961369402e-03
1.913259072692723439e+00 1.994905760518572713e-02
2.889257252755981220e+00 2.676303727933060372e-02
3.908934650552026824e+00 2.518954702146025681e-02
4.889765424917634995e+00 2.902611784823516672e-02
5.875986400620481831e+00 2.895526721496199940e-02
6.840832439986006541e+00 2.907996513407073991e-02
7.809953466618996032e+00 2.994655365767595612e-02
8.407788892301660821e-01 6.739776139439324076e-03
1.913339717526738593e+00 1.977482748167580517e-02
2.888445932703936236e+00 2.649726802318941310e-02
3.910412507829338580e+00 2.647811223124207913e-02
4.889252616229500248e+00 2.890349087337984457e-02
5.875933900397887655e+00 2.908465978126972828e-02
6.841518687856525283e+00 2.927393497532726485e-02
7.810090589893534663e+00 2.983559517304090747e-02
8.400300061540091345e-01 6.700318238158420314e-03
1.912906030384185385e+00 1.966981734727180076e-02
2.888553248104721582e+00 2.633432142005132093e-02
3.910295504611977613e+00 2.644393648597276325e-02
4.889301874956646365e+00 2.899951831854785667e-02
5.875586409320272097e+00 2.912476684644094149e-02
6.840223071217259587e+00 2.851275252784013503e-02
7.809151983689528898e+00 2.976586445361117939e-02
8.407060185291223009e-01 6.660531533342894939e-03
1.913143058056800738e+00 1.991585087799729870e-02
2.888506853723276535e+00 2.617007264472936967e-02
3.909998965652040859e+00 2.702986033063892179e-02
4.889438355526429802e+00 2.883432912620875754e-02
5.874805882430510273e+00 2.878292230970558307e-02
6.840351201141558590e+00 2.929600707622004307e-02
7.809601605496165000e+00 3.017817206839445987e-02
8.406788895735135547e-01 6.786499766833875569e-03
1.913279005691178813e+00 1.990464535334224294e-02
2.888182862759215652e+00 2.519247036962735109e-02
3.910624746261362361e+00 2.690706930986053180e-02
4.889271755017124299e+00 2.807477639692379512e-02
5.875592224732723245e+00 2.905267482687445835e-02
6.841138202581446670e+00 2.928869684265134055e-02
7.809678701780351062e+00 2.952370892596256624e-02
8.406815881922322653e-01 6.733694133059353604e-03
1.913757138760963317e+00 2.012040131148085109e-02
2.889145041670845071e+00 2.665525137636670649e-02
3.909934441778363468e+00 2.591428567920983639e-02
4.889974137433904744e+00 2.909695514252419457e-02
5.876526342933368952e+00 2.911291086706491171e-02
6.841308158383148097e+00 2.913672960299074077e-02
7.810927838288412417e+00 3.008949557831108734e-02
8.399301960107884435e-01 6.749815373396361728e-03
1.913666982081977830e+00 1.999717681197199504e-02
2.889314842786831150e+00 2.541800078336731161e-02
3.911386469695599111e+00 2.707520515582739762e-02
4.890216604696688840e+00 2.818764882601865196e-02
5.876347251318555287e+00 2.929721588448241931e-02
6.841886711317717307e+00 2.947856463852271958e-02
7.810608445613115514e+00 2.984592584982248553e-02
8.403458244946364619e-01 6.766900744346715513e-03
1.913875502879279322e+00 2.004376812099017968e-02
2.889879773723738055e+00 2.604148562774621922e-02
3.911458417707167623e+00 2.751846026937920797e-02
4.890651019182747916e+00 2.882437779987068183e-02
5.876220281920570443e+00 2.900207029985768514e-02
6.842096914289703236e+00 2.956270326425514128e-02
7.810974328429301394e+00 2.974691916738159136e-02
8.398902715127651852e-01 6.757096000548523662e-03
1.912649148845125602e+00 1.981834606500054718e-02
2.888308876270988979e+00 2.637684129169048930e-02
3.910090699902438072e+00 2.638076590049598380e-02
4.888924822613706311e+00 2.882858546891942098e-02
5.875041381567961629e+00 2.903221004629852331e-02
6.840431006599867914e+00 2.924333338716245123e-02
7.808248110379437001e+00 2.964037518532869342e-02
8.405558595695381552e-01 6.744238445395733805e-03
1.914419728458696124e+00 2.016161017437601011e-02
2.889743430025387028e+00 2.670769312061604950e-02
3.911537778681650313e+00 2.688879662538434800e-02
4.890594062343889270e+00 2.913943360768467272e-02
5.877302139302002182e+00 2.933355088368916341e-02
6.842361240105935494e+00 2.878890462557315288e-02
7.812086068529304761e+00 3.010951108242121421e-02
8.404040593807000636e-01 6.596052970855414976e-03
1.913975225029411309e+00 2.008812168499618522e-02
2.889693387627899401e+00 2.592673548716417642e-02
3.911338725987507203e+00 2.724828711034898987e-02
4.890618587930735117e+00 2.877254823686836716e-02
5.876272017122445845e+00 2.898184963958794214e-02
6.842242370987960953e+00 2.976078091139378046e-02
7.811212050617468705e+00 2.978853698510430803e-02
8.400785455613573038e-01 6.699632378179831704e-03
1.912944103913477800e+00 1.985471203045374722e-02
2.888361285467301975e+00 2.632970756122476885e-02
3.910262462850198517e+00 2.643391121009575073e-02
4.889039933259136994e+00 2.879855422340504845e-02
5.875284712234994267e+00 2.910543805359999681e-02
6.840060979080958781e+00 2.867483956279937019e-02
7.808757582924555685e+00 2.973661962354334776e-02
8.407409500205758057e-01 6.789327034557257612e-03
1.913336186536215511e+00 1.991232247899565877e-02
2.888065528303481067e+00 2.501865916696388581e-02
3.910698634995381173e+00 2.692700780917167691e-02
4.889357582479121334e+00 2.810114206432245965e-02
5.875688617314072104e+00 2.908555552139358014e-02
6.841436003157968848e+00 2.951521217727126611e-02
7.809990250227918374e+00 2.956956961782264415e-02
8.400395141537638777e-01 6.708132094229268816e-03
1.913237676803490217e+00 2.004164666306618159e-02
2.889462335813650196e+00 2.636216762370402478e-02
3.910558099758370876e+00 2.710171366625946376e-02
4.890120278970275791e+00 2.896936014551343419e-02
5.875244991851753973e+00 2.805268884813116870e-02
6.840715419100738437e+00 2.918354567839998026e-02
7.809894202129439300e+00 3.012756094681989794e-02
8.404404281251474096e-01 6.729636238611114152e-03
1.913170316027359874e+00 1.994269328611464331e-02
2.888158014806696983e+00 2.514279777004402305e-02
3.910518843563212776e+00 2.695063952223586412e-02
4.889251453803195702e+00 2.821528240014803401e-02
5.875286641391440412e+00 2.910212955965985060e-02
6.840724815946128246e+00 2.924853795552273539e-02
7.809346165242365245e+00 2.958090233521293300e-02
8.400742009329833504e-01 6.776184143687302708e-03
1.913802438924858684e+00 2.006369841684652044e-02
2.889289595538948152e+00 2.533650886428073790e-02
3.911371093606502036e+00 2.703629731299583838e-02
4.890226515867829526e+00 2.818970722077462909e-02
5.876379847031508064e+00 2.915335984401146163e-02
6.841949332573173059e+00 2.956267389517375221e-02
7.810512832023494667e+00 2.959655207089006979e-02
8.390279329012768628e-01 6.735596635865981341e-03
1.915138875655573836e+00 2.032129962446327376e-02
2.892455638666275419e+00 2.723066569927468095e-02
3.912645347603442847e+00 2.666516886644609841e-02
4.892758172305000208e+00 2.984402882028458492e-02
5.878835928613718842e+00 2.966415207867267867e-02
6.843850020184651939e+00 2.967857432923093342e-02
7.813524214573678961e+00 3.062363207683826971e-02
8.399102506134866752e-01 6.718000989895389630e-03
1.913968464007106185e+00 2.008482018230717259e-02
2.890029345181290843e+00 2.678074946043107474e-02
3.910617531299286576e+00 2.600382571678228061e-02
4.890590853493638868e+00 2.915697623506208203e-02
5.876898604006357552e+00 2.913914985219268061e-02
6.841781082265777414e+00 2.912980808355936091e-02
7.811134921691103017e+00 3.005059808532628551e-02
8.402240382577832456e-01 6.704785729583995213e-03
1.914256703367099632e+00 2.020090341137414924e-02
2.890193144124144187e+00 2.689786424607332194e-02
3.910803387242754336e+00 2.609887458223436596e-02
4.890834926549609385e+00 2.925179158365764920e-02
5.877195254524352208e+00 2.923114941059168359e-02
6.842149385534177952e+00 2.923117305443767577e-02
7.811757037623333844e+00 3.015830685903431174e-02
8.411520456838443849e-01 6.720986210553503426e-03
1.912847441686475136e+00 1.972799741564612575e-02
2.887268743382944258e+00 2.623765302516378739e-02
3.909673619430052760e+00 2.637690980675966301e-02
4.888389170971131570e+00 2.877556167657235875e-02
5.874946396141497829e+00 2.874279946151236942e-02
6.840592491633763927e+00 2.909221664861405543e-02
7.809039184850775861e+00 2.981404719165858808e-02
8.403797079429886629e-01 6.661857453473807311e-03
1.912639462322362149e+00 1.991960785209956342e-02
2.888482984248463392e+00 2.617064864186025019e-02
3.909753384926587305e+00 2.702240789449961156e-02
4.889119807653866445e+00 2.881998126487950174e-02
5.874234121162012379e+00 2.783258638948105101e-02
6.839694356516223372e+00 2.907975173284516046e-02
7.808492076839969265e+00 2.995446333850715348e-02
8.403620272910040656e-01 6.754533749562585676e-03
1.913006367033390109e+00 1.981350809972282079e-02
2.888154564455469142e+00 2.636877055560571392e-02
3.910369865066662065e+00 2.655410313726669358e-02
4.889066772649824699e+00 2.881067929038660935e-02
5.875421423212168648e+00 2.900917422935389567e-02
6.840857361246017732e+00 2.921534721008356428e-02
7.809094912564932933e+00 2.960733465459775005e-02
8.400381000932213293e-01 6.773572930062865538e-03
1.913557372392598266e+00 2.006115805129238261e-02
2.889705707550525027e+00 2.606653144185466786e-02
3.911256290855332551e+00 2.736229946954971126e-02
4.890406427543631196e+00 2.867439576164532156e-02
5.875935392483971675e+00 2.904561136615768646e-02
6.841577422285595844e+00 2.942448536016772920e-02
7.810408866213240486e+00 2.980213112190011060e-02
8.403048684739333751e-01 6.762082032291782951e-03
1.913616611267741519e+00 2.002164221628488505e-02
2.889644805020921137e+00 2.620303741189111690e-02
3.910934263868292682e+00 2.726404582856867265e-02
4.890342967047594414e+00 2.886120401447378470e-02
5.875761464762224939e+00 2.905909028377706704e-02
6.841272518078579168e+00 2.935401157501349445e-02
7.810351886900285479e+00 2.988316846823479978e-02
8.399089858838229006e-01 6.738626314561679820e-03
1.912529182554490337e+00 1.996267103036641899e-02
2.887876532648815164e+00 2.611506069822366882e-02
3.910176737532874647e+00 2.663413333117015114e-02
4.888704161457580355e+00 2.773246316291544389e-02
5.874714112042004110e+00 2.901488299544219274e-02
6.839960051145708597e+00 2.918292850592507648e-02
7.807824874580314933e+00 2.953704612766472337e-02
8.402770948591423705e-01 6.733186675033753232e-03
1.913030553619871288e+00 1.975854421999634347e-02
2.888786655650365631e+00 2.666303478504605806e-02
3.910243435371066667e+00 2.627246774442770771e-02
4.889543671589781759e+00 2.907029972611052671e-02
5.875745642806609048e+00 2.906642221511201996e-02
6.840496275515787872e+00 2.888414219551282969e-02
7.809537175926497099e+00 2.981984994776176734e-02
8.406600660833878358e-01 6.726321007227586968e-03
1.913554242541851913e+00 1.988067812533578227e-02
2.888895660287105649e+00 2.660462076400094134e-02
3.909848577812390591e+00 2.583194844522518352e-02
4.889658060842218212e+00 2.901115309228430306e-02
5.876169641798908216e+00 2.901620976765872939e-02
6.840899404493296920e+00 2.885538260019337997e-02
7.810283401859116736e+00 2.980824912166113450e-02
8.413659591139875937e-01 6.727757057936267771e-03
1.913095530565724456e+00 1.991735674050643112e-02
2.887699609604648110e+00 2.644223880889429168e-02
3.908819729071164151e+00 2.550450967606199271e-02
4.888633604637977470e+00 2.867705732432135335e-02
5.875331854188075020e+00 2.886891503749478005e-02
6.840074532656348794e+00 2.888279560184869865e-02
7.809468815167381450e+00 2.982561457938892602e-02
8.410263837851184032e-01 6.687788334855948591e-03
1.913286687507928185e+00 1.998959046011150598e-02
2.888304969917004694e+00 2.627620012444031872e-02
3.909717346464312460e+00 2.697436878546666250e-02
4.889189461910659062e+00 2.880351974851702579e-02
5.875342326912910806e+00 2.858778044014353981e-02
6.840339484988129826e+00 2.912325972866991464e-02
7.809790476100618051e+00 3.002823000763044092e-02
8.394970857609551640e-01 6.707042603054658159e-03
1.913446316224669985e+00 1.987469952531073503e-02
2.889797727829562124e+00 2.673672158412854216e-02
3.911122512943013163e+00 2.667185712958897170e-02
4.890273097172920025e+00 2.905208008372817119e-02
5.876514918719528247e+00 2.937565279674902996e-02
6.841296416807695735e+00 2.877497616071966746e-02
7.810183368079217203e+00 3.003945371429317390e-02
8.399766387438450943e-01 6.528228837580418720e-03
1.912782127802828303e+00 1.989433007892293936e-02
2.888399013175543040e+00 2.639570709563798800e-02
3.910091877647121628e+00 2.634634005381464306e-02
4.889066526678863767e+00 2.874069730297623693e-02
5.875316330305162538e+00 2.907922986346633820e-02
6.839927212573289950e+00 2.868023466021440981e-02
7.808828570627951215e+00 2.995904104419278013e-02
8.398299453271590442e-01 6.724042633068472163e-03
1.912886743310616922e+00 2.008974883482972373e-02
2.889035482401826727e+00 2.660718340024104123e-02
3.909081154119851576e+00 2.529299510251004079e-02
4.889507984102657190e+00 2.901771081628545801e-02
5.875514932639719134e+00 2.901884805374965737e-02
6.839945422766990468e+00 2.884203005172913947e-02
7.808840007737667399e+00 2.996604990272189184e-02
8.407752077136891877e-01 6.755459789203888121e-03
1.913883466123629251e+00 2.018751083124925572e-02
2.888962036460692051e+00 2.656840814164418418e-02
3.910259927410062009e+00 2.622210198051755370e-02
4.889811335225735967e+00 2.905928558781667448e-02
5.876444735715875112e+00 2.909759645957166185e-02
6.841273053497789469e+00 2.895686967142552248e-02
7.810760576986588433e+00 2.993315155638676117e-02
8.404506217440642635e-01 6.726783854978823918e-03
1.914419196686402369e+00 2.011268701881441245e-02
2.890110043030960529e+00 2.682087774023456106e-02
3.911303291231037260e+00 2.642209240309423279e-02
4.890910327899226751e+00 2.939759226205573839e-02
5.877417318947145475e+00 2.938546838214328716e-02
6.842478505841850023e+00 2.919516120790000002e-02
7.812201824074208822e+00 3.030893997253869543e-02
8.397126527979901223e-01 6.544576831607029632e-03
1.913501810576885287e+00 1.993903629993143412e-02
2.889385014175140043e+00 2.664428982938460422e-02
3.911231700079572882e+00 2.697554716564010135e-02
4.889917555037960106e+00 2.900666941245866326e-02
5.876263990380711455e+00 2.916547417411141652e-02
6.841870805658478716e+00 2.951965027053038426e-02
7.810093428872369792e+00 2.968584081203573533e-02
8.400592773581541106e-01 6.567020510320320525e-03
1.912857838222189688e+00 1.982318890153900171e-02
2.888555288737183258e+00 2.561740864318551303e-02
3.910366393973922161e+00 2.707981344725229889e-02
4.889250560465621120e+00 2.837203445916536282e-02
5.874695612791715149e+00 2.891148585300484797e-02
6.840270553733642345e+00 2.927143669624410194e-02
7.808657302890310348e+00 2.963025134942842698e-02
8.400181369572661261e-01 6.705987158737158893e-03
1.913597748841022739e+00 2.003662243465775816e-02
2.889832059129101793e+00 2.654006328505920109e-02
3.910752498340148708e+00 2.727691758653660870e-02
4.890324361825793886e+00 2.895644295522803446e-02
5.875644233596135635e+00 2.803702000480967627e-02
6.841309625425255447e+00 2.935069220759256581e-02
7.810497990074028785e+00 3.010660289039179816e-02
8.397299024130286949e-01 6.740459442206025997e-03
1.913334884635156996e+00 1.996706808200832128e-02
2.889390477994758566e+00 2.555448381750968778e-02
3.911318624658235432e+00 2.718921926336959061e-02
4.890182741689502954e+00 2.827995524893189838e-02
5.875974550444212241e+00 2.918049244457510127e-02
6.841544988762928270e+00 2.952751457008773173e-02
7.809923950753310251e+00 2.968605383532540998e-02
8.410669122471337023e-01 6.745458358215827843e-03
1.912766312782526956e+00 1.974386301573449742e-02
2.887647838356418362e+00 2.630812497733270305e-02
3.908890230979182867e+00 2.556208926102598866e-02
4.888426462080070145e+00 2.858129547191801123e-02
5.875037845581989160e+00 2.879866890842741611e-02
6.839679018996491777e+00 2.866338471691776135e-02
7.808974897937988935e+00 2.982835825697804921e-02
8.406054984700773725e-01 6.705214356899857897e-03
1.913239109856689879e+00 1.987324440107629542e-02
2.888360574753610521e+00 2.654336999362216787e-02
3.910556868990382462e+00 2.665159501857861102e-02
4.889227626575624264e+00 2.902173575201505429e-02
5.875744189050842614e+00 2.914575310016065401e-02
6.841338605152793129e+00 2.927903086818517409e-02
7.809735094429735014e+00 2.959795596205871959e-02
8.403178000652978819e-01 6.718304870027558273e-03
1.914176847026236361e+00 2.009532404802416572e-02
2.889852362142666831e+00 2.679016612946893972e-02
3.911446411163563397e+00 2.674357877063782141e-02
4.890668479711639094e+00 2.932873847828609826e-02
5.877170315829935987e+00 2.929658044668315142e-02
6.842206170651429886e+00 2.889977394790754772e-02
7.811721882439211839e+00 2.999502507671181206e-02
8.397474454241278252e-01 6.647405525006311322e-03
1.913143566047883715e+00 2.006490124568283129e-02
2.889615278680233601e+00 2.629555316125520292e-02
3.910750055033288763e+00 2.731446556175765039e-02
4.890186950319295178e+00 2.909397251228451609e-02
5.875183563080907945e+00 2.901686931971436678e-02
6.840721164677898258e+00 2.931943134255199368e-02
7.809594596760252472e+00 3.017670099374036852e-02
8.394736485746903121e-01 6.701645609668016590e-03
1.913521406131043712e+00 2.004303877559276970e-02
2.890148598789378909e+00 2.671650222588528578e-02
3.910549850245102821e+00 2.591766990445742991e-02
4.890529949534727194e+00 2.923542629699138473e-02
5.876657044315048317e+00 2.919630878740608892e-02
6.841362791173243529e+00 2.916613708459525611e-02
7.810352807615863924e+00 3.006592812168573658e-02
8.406852218704279345e-01 6.579810908450389739e-03
1.913216831235767579e+00 1.984899839166165414e-02
2.888194598452874740e+00 2.642236297032463099e-02
3.910454208703511902e+00 2.662273205795484543e-02
4.889169671022084884e+00 2.796016020784364287e-02
5.875734293053732848e+00 2.910786982496649244e-02
6.841367822517177899e+00 2.932820716004691519e-02
7.809804623306721538e+00 2.954755596802627338e-02
8.398664421427755045e-01 6.550948125776723252e-03
1.912366467462583541e+00 1.977626409837385246e-02
2.887860204478627235e+00 2.498635772757529239e-02
3.910171648204981754e+00 2.699181151673313295e-02
4.888848989277326140e+00 2.807887431285749358e-02
5.874455350942797693e+00 2.897567242528076292e-02
6.839649192482571749e+00 2.913165972955944483e-02
7.807652096424964938e+00 2.947381486078448631e-02
8.396082997615512689e-01 6.742591385701102169e-03
1.913223571194509587e+00 1.977940053114202179e-02
2.889627588470955910e+00 2.669300367148075281e-02
3.910812221865564986e+00 2.631024458112296571e-02
4.890201613549889359e+00 2.911630034705758874e-02
5.876308097651936180e+00 2.930665671192311805e-02
6.840957203197364223e+00 2.894508819426278023e-02
7.809897784454117087e+00 2.988850200591475215e-02
8.404703670647712954e-01 6.544231545389411764e-03
1.913247299779534227e+00 1.975574645034638976e-02
2.888533014026834156e+00 2.646676030511718736e-02
3.910509924858168063e+00 2.661978293299016585e-02
4.889344170045854199e+00 2.884523974263775159e-02
5.875835771473322033e+00 2.901241150726630025e-02
6.841596481617479242e+00 2.956152785747878653e-02
7.809971898770342591e+00 2.973592312876682797e-02
8.403314662817582548e-01 6.708281407336369462e-03
1.912584137544893537e+00 1.985622862046199089e-02
2.888371170562902712e+00 2.617364915603737074e-02
3.909608360061787913e+00 2.690674236072165826e-02
4.888920099092599614e+00 2.876893144035008731e-02
5.874724717620678938e+00 2.840174278396290219e-02
6.839566610914721956e+00 2.897026194731555648e-02
7.808489742749904039e+00 3.009400077026747056e-02
8.399859326380736402e-01 6.720707502888223495e-03
1.913065155877119450e+00 1.989601546211350325e-02
2.889234294992825802e+00 2.659545678851760186e-02
3.909487291953506194e+00 2.564889492622501876e-02
4.889748603527396043e+00 2.899736323834201102e-02
5.875962165949552229e+00 2.899415055813747699e-02
6.840598819046742385e+00 2.899915042313150337e-02
7.809699660280132960e+00 2.993284432490206370e-02
8.400876491841965388e-01 6.688022716779817856e-03
1.914292395695489812e+00 2.037263487217799707e-02
2.890267127285071513e+00 2.684063078961917981e-02
3.910519782267394717e+00 2.584478152294300557e-02
4.890959514535236252e+00 2.933291933060644396e-02
5.877166539345829221e+00 2.928227619597567610e-02
6.842164810934689534e+00 2.942684885521806848e-02
7.811628083201808792e+00 3.031399279870150565e-02
8.405437256988860240e-01 6.741733305764774364e-03
1.913919490832310055e+00 1.998044413792454677e-02
2.889766792245765270e+00 2.613070190024080475e-02
3.911377449712436949e+00 2.738289896155432501e-02
4.890600736408506677e+00 2.884084230118322267e-02
5.876200884193958807e+00 2.917025165549613774e-02
6.842107784497494016e+00 2.969571047584462775e-02
7.811203115345721315e+00 3.003217205727004568e-02
8.399542767712806501e-01 6.714089401581357919e-03
1.913748927748000650e+00 2.008370607282250475e-02
2.889467344945531480e+00 2.658037002604363153e-02
3.911328294987747700e+00 2.688981539541046573e-02
4.890222514040985402e+00 2.927349439822091171e-02
5.876402396174962739e+00 2.922445407361351499e-02
6.842219784057641974e+00 2.974482006912282372e-02
7.810652538174433168e+00 2.989028078854349957e-02
8.402419446937268166e-01 6.734986606421911048e-03
1.914137378047581217e+00 2.013689181317501742e-02
2.889590840036418751e+00 2.666366773281092506e-02
3.911369935608793647e+00 2.681842526462130394e-02
4.890372538880241038e+00 2.923262710932839070e-02
5.876847018536130562e+00 2.921453670556140025e-02
6.842587041225193900e+00 2.957842434477164772e-02
7.811315814468033025e+00 2.994112483725253071e-02
8.396382881185568969e-01 6.529880304592339257e-03
1.913373556469931902e+00 1.990470382662978821e-02
2.889343583639592872e+00 2.658933671931418274e-02
3.911298791173883238e+00 2.689567121962355145e-02
4.890072792756021691e+00 2.815573186297015695e-02
5.876137127810601157e+00 2.922562901347180997e-02
6.841825915467843799e+00 2.955628330051318642e-02
7.810131745910066314e+00 2.988580643468452536e-02
8.408214390266870453e-01 6.697714268197874077e-03
1.913023020027620813e+00 2.001721408996237628e-02
2.888275142292630715e+00 2.650092588503261126e-02
3.909587543803827003e+00 2.664892694690212949e-02
4.888925658582611966e+00 2.885756902499370113e-02
5.875135669861835552e+00 2.864803845824237527e-02
6.839987083909965015e+00 2.900447384326199085e-02
7.809110217404312770e+00 2.991660101638604630e-02
8.405107559072579893e-01 6.558022627743076427e-03
1.912138128869428355e+00 1.960134908105182205e-02
2.886905795114724782e+00 2.594886887355141170e-02
3.909542351166043872e+00 2.666553694503104310e-02
4.887675798725826581e+00 2.739986045307318818e-02
5.874036711721019266e+00 2.869210603075966759e-02
6.839454985426076661e+00 2.905734988262409502e-02
7.807304101191596679e+00 2.923456732859275320e-02
8.393974684927976160e-01 6.718962708677778117e-03
1.913050874172429250e+00 2.006968197826397571e-02
2.889908584210477471e+00 2.640540893419895951e-02
3.910713765258210017e+00 2.716082221271554076e-02
4.890167528436070832e+00 2.885820679236950070e-02
5.874998830260686589e+00 2.795674521898305898e-02
6.840545165903836988e+00 2.928800669148667879e-02
7.809429284155317674e+00 3.024710435381106066e-02
8.396300672851058078e-01 6.708213178524213838e-03
1.913788567015404674e+00 2.006179050684364640e-02
2.890126908487523405e+00 2.693142675796522667e-02
3.910624064259049071e+00 2.614055409152804543e-02
4.890502563839559613e+00 2.928073116520835129e-02
5.876716083192980555e+00 2.924950540724768899e-02
6.841502329785085657e+00 2.922705785901769104e-02
7.810574030929454459e+00 3.013485688497485881e-02
