2.198074000000000076e-09 9.473139000000000420e-01 8.874089000000000282e-02 5.686645507812500000e+01 2.199923000000000156e-02 8.207438378627504583e-02 1.000000000000000000e+00 3.736328125000000222e-01
2.285997000000000042e-09 9.638974999999999627e-01 1.134020000000000028e-01 5.769409179687500000e+01 2.172081000000000012e-02 7.897178093564674595e-02 1.000000000000000000e+00 3.736328125000000222e-01
2.198463999999999906e-09 9.539066000000000489e-01 8.922070999999999474e-02 5.661743164062500000e+01 2.154185999999999948e-02 8.219507461029569584e-02 1.000000000000000000e+00 3.736328125000000222e-01
2.293123000000000168e-09 9.685869000000000284e-01 1.127293000000000045e-01 5.791381835937500000e+01 2.201347999999999847e-02 7.997352366606341745e-02 1.000000000000000000e+00 3.736328125000000222e-01
2.145980000000000483e-09 9.620157000000000291e-01 7.846752999999999367e-02 5.735717773437500000e+01 2.200674999999999853e-02 8.034964549222839425e-02 1.000000000000000000e+00 3.736328125000000222e-01
2.070178000000000169e-09 9.557339999999999725e-01 6.586561999999999972e-02 5.742309570312500000e+01 2.136195000000000108e-02 7.984972033650822310e-02 1.000000000000000000e+00 3.736328125000000222e-01
2.237104000000000095e-09 9.511460000000000470e-01 9.637255999999999601e-02 5.651489257812500000e+01 2.169992000000000101e-02 8.234909764508224761e-02 1.000000000000000000e+00 3.736328125000000222e-01
2.238621000000000184e-09 9.637331999999999566e-01 9.882393999999999901e-02 5.857299804687500000e+01 2.244896000000000044e-02 7.930004644258417668e-02 1.000000000000000000e+00 3.736328125000000222e-01
2.216721999999999989e-09 9.567115000000000480e-01 8.780912999999999913e-02 5.618530273437500000e+01 2.224573999999999996e-02 8.381290786364861689e-02 1.000000000000000000e+00 3.736328125000000222e-01
2.208705999999999879e-09 9.717540999999999540e-01 9.621132000000000295e-02 5.786987304687500000e+01 2.205452000000000107e-02 7.981921520812571003e-02 1.000000000000000000e+00 3.736328125000000222e-01
2.110787000000000189e-09 9.596225999999999923e-01 6.956568999999999947e-02 5.765014648437500000e+01 2.190392999999999854e-02 8.026973886618037068e-02 1.000000000000000000e+00 3.736328125000000222e-01
2.120953000000000338e-09 9.673287000000000413e-01 7.865999999999999381e-02 5.915893554687500000e+01 2.210258000000000014e-02 7.717101450687345598e-02 1.000000000000000000e+00 3.736328125000000222e-01
2.268112000000000160e-09 9.680549999999999988e-01 1.077044000000000057e-01 5.768676757812500000e+01 2.228884000000000074e-02 8.034469909554174671e-02 1.000000000000000000e+00 3.736328125000000222e-01
2.340147000000000315e-09 9.774365000000000414e-01 1.272695000000000076e-01 5.899047851562500000e+01 2.264982999999999927e-02 7.771833268342871748e-02 1.000000000000000000e+00 3.736328125000000222e-01
2.159495000000000306e-09 9.422681000000000529e-01 7.735488999999999560e-02 5.617797851562500000e+01 2.192393999999999940e-02 8.353217131133791606e-02 1.000000000000000000e+00 3.736328125000000222e-01
2.269447000000000135e-09 9.528037000000000312e-01 1.063964000000000021e-01 5.722534179687500000e+01 2.209519000000000066e-02 8.123224170751723594e-02 1.000000000000000000e+00 3.736328125000000222e-01
2.119516000000000108e-09 9.518556999999999713e-01 7.281218000000000412e-02 5.670532226562500000e+01 2.164452000000000043e-02 8.201390424985013916e-02 1.000000000000000000e+00 3.736328125000000222e-01
2.259008000000000229e-09 9.599756000000000400e-01 1.013201999999999992e-01 5.724731445312500000e+01 2.215492000000000156e-02 8.180161731473481468e-02 1.000000000000000000e+00 3.736328125000000222e-01
2.196734000000000161e-09 9.613848000000000393e-01 9.058496000000000603e-02 5.729125976562500000e+01 2.188278000000000098e-02 8.084392124165802607e-02 1.000000000000000000e+00 3.736328125000000222e-01
2.164820000000000389e-09 9.604316999999999993e-01 8.368478000000000028e-02 5.790649414062500000e+01 2.238207000000000044e-02 8.071164396599135593e-02 1.000000000000000000e+00 3.736328125000000222e-01
2.241296000000000487e-09 9.624945000000000306e-01 1.023564000000000002e-01 5.785522460937500000e+01 2.193660999999999875e-02 7.968296024689400237e-02 1.000000000000000000e+00 3.736328125000000222e-01
2.179937000000000100e-09 9.440307999999999478e-01 8.332124000000000474e-02 5.663940429687500000e+01 2.197587000000000151e-02 8.175933105743662943e-02 1.000000000000000000e+00 3.736328125000000222e-01
2.288771000000000057e-09 9.769020999999999955e-01 1.160522999999999971e-01 5.935668945312500000e+01 2.236892000000000047e-02 7.702467408218857670e-02 1.000000000000000000e+00 3.736328125000000222e-01
2.122087000000000346e-09 9.513089000000000128e-01 6.658904000000000212e-02 5.630249023437500000e+01 2.200074000000000127e-02 8.314993235361786694e-02 1.000000000000000000e+00 3.736328125000000222e-01
2.234076000000000175e-09 9.625645999999999924e-01 9.792586999999999819e-02 5.692504882812500000e+01 2.198009000000000074e-02 8.177637790673689122e-02 1.000000000000000000e+00 3.736328125000000222e-01
2.123587000000000393e-09 9.546715999999999536e-01 7.273604000000000180e-02 5.697631835937500000e+01 2.213640999999999873e-02 8.150271306090470236e-02 1.000000000000000000e+00 3.736328125000000222e-01
2.242407000000000195e-09 9.635962999999999612e-01 1.004256000000000038e-01 5.723999023437500000e+01 2.214802999999999911e-02 8.170080218333646005e-02 1.000000000000000000e+00 3.736328125000000222e-01
2.198194000000000278e-09 9.706453999999999915e-01 9.546472999999999764e-02 5.941528320312500000e+01 2.256553999999999852e-02 7.709782101915187147e-02 1.000000000000000000e+00 3.736328125000000222e-01
2.185965000000000113e-09 9.496107000000000298e-01 8.693504999999999983e-02 5.655883789062500000e+01 2.173059000000000102e-02 8.213815990781755949e-02 1.000000000000000000e+00 3.736328125000000222e-01
2.165204000000000374e-09 9.546076999999999479e-01 8.113555000000000073e-02 5.679321289062500000e+01 2.181053999999999979e-02 8.178530226630209565e-02 1.000000000000000000e+00 3.736328125000000222e-01
2.229976000000000158e-09 9.704336999999999547e-01 9.951184999999999892e-02 5.939331054687500000e+01 2.285552999999999890e-02 7.807186668105908778e-02 1.000000000000000000e+00 3.736328125000000222e-01
2.083573000000000204e-09 9.479868000000000183e-01 5.359035000000000187e-02 5.476440429687500000e+01 2.156015999999999835e-02 8.675864911046599071e-02 1.000000000000000000e+00 3.736328125000000222e-01
2.262142000000000024e-09 9.663564999999999516e-01 1.088004000000000054e-01 5.833862304687500000e+01 2.212739000000000025e-02 7.851934519851291872e-02 1.000000000000000000e+00 3.736328125000000222e-01
2.281623000000000363e-09 9.565217000000000303e-01 1.063127999999999990e-01 5.619995117187500000e+01 2.178572999999999968e-02 8.310301629799621281e-02 1.000000000000000000e+00 3.736328125000000222e-01
2.173643000000000494e-09 9.561298000000000297e-01 8.661600999999999329e-02 5.847045898437500000e+01 2.234101000000000142e-02 7.961076410022047134e-02 1.000000000000000000e+00 3.736328125000000222e-01
2.110919000000000080e-09 9.644437999999999622e-01 7.238039000000000278e-02 5.781860351562500000e+01 2.183326999999999837e-02 8.011245479861184293e-02 1.000000000000000000e+00 3.736328125000000222e-01
2.214911000000000066e-09 9.581260000000000332e-01 8.683034000000000585e-02 5.725463867187500000e+01 2.211557999999999927e-02 8.257612879416185991e-02 1.000000000000000000e+00 3.736328125000000222e-01
2.213937000000000189e-09 9.630862000000000034e-01 9.607913999999999344e-02 5.803833007812500000e+01 2.230023999999999895e-02 7.919104008196418965e-02 1.000000000000000000e+00 3.736328125000000222e-01
2.295707999999999906e-09 9.579465999999999815e-01 1.097289999999999932e-01 5.696166992187500000e+01 2.189914999999999917e-02 8.230438595703451488e-02 1.000000000000000000e+00 3.736328125000000222e-01
2.129646000000000361e-09 9.637618999999999492e-01 7.579948000000000241e-02 5.840454101562500000e+01 2.180717999999999893e-02 7.802615623965082625e-02 1.000000000000000000e+00 3.736328125000000222e-01
2.220181000000000401e-09 9.531946999999999504e-01 9.191201999999999706e-02 5.646362304687500000e+01 2.206783000000000008e-02 8.275483819529305674e-02 1.000000000000000000e+00 3.736328125000000222e-01
2.215806999999999894e-09 9.576805000000000456e-01 9.573078999999999616e-02 5.727661132812500000e+01 2.170052999999999913e-02 8.081012993660718902e-02 1.000000000000000000e+00 3.736328125000000222e-01
2.141324000000000246e-09 9.552764000000000255e-01 7.466425000000000145e-02 5.743774414062500000e+01 2.203714000000000020e-02 8.105778527698494218e-02 1.000000000000000000e+00 3.736328125000000222e-01
2.208155999999999917e-09 9.620627000000000484e-01 8.999459999999999404e-02 5.714477539062500000e+01 2.216856000000000035e-02 8.196614883117830930e-02 1.000000000000000000e+00 3.736328125000000222e-01
2.259647999999999929e-09 9.578008000000000077e-01 1.018402000000000057e-01 5.700561523437500000e+01 2.186648999999999884e-02 8.113185679866521949e-02 1.000000000000000000e+00 3.736328125000000222e-01
2.210383000000000514e-09 9.597788999999999904e-01 9.172763000000000444e-02 5.643432617187500000e+01 2.192293999999999840e-02 8.271491985514227430e-02 1.000000000000000000e+00 3.736328125000000222e-01
2.222670000000000142e-09 9.594285000000000174e-01 9.184175999999999451e-02 5.680786132812500000e+01 2.206926000000000027e-02 8.179859774463069111e-02 1.000000000000000000e+00 3.736328125000000222e-01
2.199610999999999923e-09 9.588438999999999712e-01 8.847947000000000450e-02 5.737915039062500000e+01 2.228596999999999870e-02 8.113167898978088100e-02 1.000000000000000000e+00 3.736328125000000222e-01
2.131455999999999965e-09 9.627369999999999539e-01 7.989538000000000195e-02 5.803833007812500000e+01 2.213802000000000131e-02 7.929957071684795578e-02 1.000000000000000000e+00 3.736328125000000222e-01
2.259122000000000173e-09 9.653180000000000094e-01 1.043750999999999984e-01 5.792114257812500000e+01 2.229000999999999899e-02 7.978071919180462768e-02 1.000000000000000000e+00 3.736328125000000222e-01
2.267678000000000366e-09 9.551066000000000278e-01 1.069554999999999950e-01 5.691772460937500000e+01 2.162096999999999977e-02 8.139136127528560916e-02 1.000000000000000000e+00 3.736328125000000222e-01
2.182709000000000305e-09 9.661748000000000003e-01 8.958125999999999589e-02 5.849975585937500000e+01 2.259910000000000044e-02 7.928093112394858644e-02 1.000000000000000000e+00 3.736328125000000222e-01
2.194306000000000425e-09 9.639581999999999873e-01 8.959717000000000375e-02 5.802368164062500000e+01 2.234117000000000047e-02 8.001328159195131295e-02 1.000000000000000000e+00 3.736328125000000222e-01
2.166722000000000368e-09 9.521481000000000527e-01 8.299117999999999773e-02 5.696899414062500000e+01 2.175739999999999966e-02 8.132951756838072144e-02 1.000000000000000000e+00 3.736328125000000222e-01
2.108445000000000157e-09 9.619054000000000215e-01 6.899191999999999825e-02 5.684448242187500000e+01 2.212866999999999959e-02 8.181332432945272182e-02 1.000000000000000000e+00 3.736328125000000222e-01
2.255447999999999882e-09 9.705099000000000364e-01 1.060229000000000033e-01 5.764282226562500000e+01 2.193306999999999896e-02 8.068344546139860629e-02 1.000000000000000000e+00 3.736328125000000222e-01
2.179638999999999818e-09 9.582382000000000399e-01 8.579443999999999959e-02 5.674194335937500000e+01 2.193708000000000116e-02 8.193703014029808662e-02 1.000000000000000000e+00 3.736328125000000222e-01
2.218262999999999870e-09 9.619919000000000109e-01 9.857974999999999377e-02 5.810424804687500000e+01 2.216481000000000007e-02 7.942306306700236407e-02 1.000000000000000000e+00 3.736328125000000222e-01
2.251081000000000366e-09 9.870775000000000521e-01 1.117342999999999947e-01 6.102661132812500000e+01 2.267069999999999849e-02 7.400250719140689937e-02 1.000000000000000000e+00 3.736328125000000222e-01
2.125942999999999924e-09 9.625462999999999658e-01 7.682071000000000038e-02 5.856567382812500000e+01 2.225252999999999953e-02 7.893076519514988232e-02 1.000000000000000000e+00 3.736328125000000222e-01
2.161050000000000101e-09 9.605019999999999669e-01 8.545758000000000520e-02 5.863159179687500000e+01 2.242678999999999853e-02 7.883662580134732922e-02 1.000000000000000000e+00 3.736328125000000222e-01
2.337868000000000100e-09 9.524068999999999452e-01 1.135554000000000008e-01 5.578247070312500000e+01 2.197400000000000048e-02 8.406394677636927493e-02 1.000000000000000000e+00 3.736328125000000222e-01
2.181169999999999821e-09 9.539649999999999519e-01 8.319633999999999363e-02 5.627319335937500000e+01 2.166741000000000153e-02 8.269465537664813515e-02 1.000000000000000000e+00 3.736328125000000222e-01
2.291296000000000108e-09 9.628465999999999969e-01 1.081880999999999954e-01 5.700561523437500000e+01 2.187168999999999919e-02 8.181413018771070689e-02 1.000000000000000000e+00 3.736328125000000222e-01
2.222142000000000163e-09 9.670585000000000431e-01 9.589775999999999856e-02 5.783325195312500000e+01 2.208784000000000095e-02 7.978075982978172220e-02 1.000000000000000000e+00 3.736328125000000222e-01
2.160581999999999808e-09 9.619695999999999803e-01 8.007006999999999319e-02 5.781127929687500000e+01 2.211257999999999974e-02 8.043206192466031967e-02 1.000000000000000000e+00 3.736328125000000222e-01
2.143028999999999880e-09 9.487191000000000374e-01 7.522144999999999526e-02 5.672729492187500000e+01 2.154792999999999986e-02 8.164004862271254104e-02 1.000000000000000000e+00 3.736328125000000222e-01
2.355532000000000257e-09 9.612551000000000290e-01 1.259817000000000020e-01 5.708618164062500000e+01 2.197042000000000092e-02 8.115147326665014815e-02 1.000000000000000000e+00 3.736328125000000222e-01
2.218240999999999888e-09 9.596065999999999763e-01 9.164495000000000280e-02 5.734252929687500000e+01 2.217372000000000093e-02 8.149311814657195230e-02 1.000000000000000000e+00 3.736328125000000222e-01
2.169048000000000263e-09 9.489965000000000206e-01 7.606652999999999332e-02 5.614868164062500000e+01 2.205390999999999949e-02 8.414332779870341283e-02 1.000000000000000000e+00 3.736328125000000222e-01
2.224363000000000087e-09 9.480412000000000283e-01 9.108280000000000542e-02 5.634643554687500000e+01 2.203901999999999944e-02 8.336173367359581143e-02 1.000000000000000000e+00 3.736328125000000222e-01
2.171739000000000290e-09 9.624475999999999587e-01 8.704219000000000539e-02 5.828002929687500000e+01 2.201060000000000169e-02 7.867792180111148059e-02 1.000000000000000000e+00 3.736328125000000222e-01
2.159719000000000160e-09 9.641897000000000384e-01 7.948602999999999918e-02 5.707153320312500000e+01 2.176441000000000139e-02 8.142304638084707502e-02 1.000000000000000000e+00 3.736328125000000222e-01
2.167602000000000059e-09 9.719552999999999665e-01 8.454380000000000228e-02 5.726928710937500000e+01 2.171512999999999916e-02 8.099071783383458845e-02 1.000000000000000000e+00 3.736328125000000222e-01
2.161319000000000237e-09 9.516172000000000519e-01 8.067483000000000293e-02 5.727661132812500000e+01 2.227403999999999842e-02 8.126943301256810137e-02 1.000000000000000000e+00 3.736328125000000222e-01
2.236280999999999962e-09 9.682085000000000274e-01 9.932931000000000399e-02 5.851440429687500000e+01 2.256870000000000057e-02 7.881273520958916035e-02 1.000000000000000000e+00 3.736328125000000222e-01
2.235770000000000025e-09 9.651389999999999691e-01 1.010814000000000018e-01 5.823608398437500000e+01 2.202770999999999896e-02 7.934256228971428571e-02 1.000000000000000000e+00 3.736328125000000222e-01
2.124389999999999940e-09 9.460013999999999923e-01 7.115006000000000108e-02 5.655151367187500000e+01 2.173508000000000037e-02 8.183322851461589942e-02 1.000000000000000000e+00 3.736328125000000222e-01
2.134637999999999758e-09 9.556044999999999678e-01 7.622692000000000356e-02 5.759887695312500000e+01 2.207175999999999930e-02 8.015429987999210526e-02 1.000000000000000000e+00 3.736328125000000222e-01
2.228406000000000132e-09 9.660562999999999789e-01 9.768873000000000140e-02 5.798706054687500000e+01 2.198088999999999946e-02 7.938697417444562365e-02 1.000000000000000000e+00 3.736328125000000222e-01
2.242246000000000158e-09 9.529467000000000354e-01 9.462125999999999870e-02 5.603881835937500000e+01 2.192322000000000021e-02 8.412235731029282793e-02 1.000000000000000000e+00 3.736328125000000222e-01
2.089351000000000347e-09 9.542142000000000124e-01 6.139659000000000089e-02 5.704956054687500000e+01 2.209724999999999884e-02 8.189760681161524503e-02 1.000000000000000000e+00 3.736328125000000222e-01
2.203729000000000301e-09 9.675072999999999590e-01 9.472448999999999453e-02 5.838989257812500000e+01 2.246099999999999833e-02 7.889279991087358446e-02 1.000000000000000000e+00 3.736328125000000222e-01
2.136499999999999808e-09 9.600492000000000470e-01 7.572855000000000558e-02 5.761352539062500000e+01 2.182361000000000023e-02 8.024639385588033802e-02 1.000000000000000000e+00 3.736328125000000222e-01
2.151304000000000246e-09 9.608807999999999794e-01 8.385520000000000473e-02 5.844116210937500000e+01 2.201024999999999857e-02 7.833660231397297780e-02 1.000000000000000000e+00 3.736328125000000222e-01
2.087772999999999838e-09 9.601121999999999712e-01 6.250115000000000531e-02 5.703491210937500000e+01 2.210844000000000004e-02 8.213382164203256175e-02 1.000000000000000000e+00 3.736328125000000222e-01
2.141436999999999871e-09 9.464413999999999882e-01 7.659871999999999514e-02 5.665405273437500000e+01 2.150646000000000155e-02 8.211224485463583522e-02 1.000000000000000000e+00 3.736328125000000222e-01
2.172984000000000114e-09 9.626907000000000103e-01 8.779428000000000232e-02 5.833862304687500000e+01 2.195170000000000107e-02 7.906837285210607802e-02 1.000000000000000000e+00 3.736328125000000222e-01
2.237509000000000157e-09 9.630629000000000550e-01 1.002061999999999953e-01 5.701293945312500000e+01 2.210269999999999943e-02 8.144690935448761770e-02 1.000000000000000000e+00 3.736328125000000222e-01
2.180516000000000207e-09 9.572062999999999544e-01 8.569498999999999866e-02 5.623657226562500000e+01 2.165558000000000066e-02 8.288076183917814088e-02 1.000000000000000000e+00 3.736328125000000222e-01
2.229131000000000458e-09 9.596046000000000298e-01 9.818370999999999349e-02 5.726928710937500000e+01 2.192188000000000123e-02 8.067070662925614200e-02 1.000000000000000000e+00 3.736328125000000222e-01
2.165508000000000087e-09 9.642557999999999963e-01 8.640544000000000002e-02 5.866088867187500000e+01 2.237648999999999888e-02 7.869768565869912635e-02 1.000000000000000000e+00 3.736328125000000222e-01
2.202393000000000007e-09 9.593194000000000443e-01 9.097093000000000540e-02 5.797973632812500000e+01 2.233117999999999909e-02 8.014680355321773808e-02 1.000000000000000000e+00 3.736328125000000222e-01
2.120788999999999758e-09 9.716534999999999478e-01 7.566731999999999625e-02 5.828002929687500000e+01 2.215440000000000118e-02 7.929964133561093198e-02 1.000000000000000000e+00 3.736328125000000222e-01
2.209062000000000038e-09 9.664241999999999555e-01 9.524594999999999589e-02 5.830932617187500000e+01 2.233241999999999866e-02 7.914027697558378982e-02 1.000000000000000000e+00 3.736328125000000222e-01
2.194102000000000330e-09 9.600522999999999696e-01 9.121142000000000138e-02 5.815551757812500000e+01 2.201805999999999902e-02 7.918222981585607001e-02 1.000000000000000000e+00 3.736328125000000222e-01
2.132324000000000380e-09 9.538986999999999883e-01 7.269723999999999631e-02 5.621459960937500000e+01 2.189943000000000098e-02 8.331796600529366159e-02 1.000000000000000000e+00 3.736328125000000222e-01
2.141042000000000101e-09 9.550456000000000500e-01 7.137780999999999987e-02 5.553344726562500000e+01 2.154139000000000054e-02 8.422150214051790651e-02 1.000000000000000000e+00 3.736328125000000222e-01
2.293683000000000422e-09 9.676181000000000365e-01 1.142013000000000056e-01 5.741577148437500000e+01 2.171205000000000010e-02 7.951876920490959233e-02 1.000000000000000000e+00 3.736328125000000222e-01
2.163434000000000286e-09 9.674835999999999991e-01 8.562939999999999441e-02 5.847778320312500000e+01 2.209064000000000166e-02 7.867305561630524857e-02 1.000000000000000000e+00 3.736328125000000222e-01
