2.198074000000000076e-09 9.473139000000000420e-01 8.874089000000000282e-02 7.870361328125000000e+01 2.199923000000000156e-02 1.783835631942050637e-01 6.000000000000000000e+00 1.000005722045898549e-01
2.285997000000000042e-09 9.638974999999999627e-01 1.134020000000000028e-01 7.986083984375000000e+01 2.172081000000000012e-02 1.721521794311336728e-01 6.000000000000000000e+00 1.000005722045898549e-01
2.198463999999999906e-09 9.539066000000000489e-01 8.922070999999999474e-02 7.447021484375000000e+01 2.154185999999999948e-02 1.589931692138232266e-01 5.000000000000000000e+00 1.421875000000000222e-01
2.293123000000000168e-09 9.685869000000000284e-01 1.127293000000000045e-01 7.618408203125000000e+01 2.201347999999999847e-02 1.554761166942874862e-01 5.000000000000000000e+00 1.421875000000000222e-01
2.145980000000000483e-09 9.620157000000000291e-01 7.846752999999999367e-02 7.937744140625000000e+01 2.200674999999999853e-02 1.750697200468999681e-01 6.000000000000000000e+00 1.000005722045898549e-01
2.070178000000000169e-09 9.557339999999999725e-01 6.586561999999999972e-02 7.552490234375000000e+01 2.136195000000000108e-02 1.547783218291607643e-01 5.000000000000000000e+00 1.421875000000000222e-01
2.237104000000000095e-09 9.511460000000000470e-01 9.637255999999999601e-02 7.822021484375000000e+01 2.169992000000000101e-02 1.786355159122321734e-01 6.000000000000000000e+00 1.000005722045898549e-01
2.238621000000000184e-09 9.637331999999999566e-01 9.882393999999999901e-02 7.999267578125000000e+01 2.244896000000000044e-02 1.734580463385173021e-01 6.000000000000000000e+00 1.035156250000000000e-01
2.216721999999999989e-09 9.567115000000000480e-01 8.780912999999999913e-02 7.776611328125000000e+01 2.224573999999999996e-02 1.819590274539501507e-01 6.000000000000000000e+00 1.000005722045898549e-01
2.208705999999999879e-09 9.717540999999999540e-01 9.621132000000000295e-02 7.199829101562500000e+01 2.205452000000000107e-02 1.363832691551555010e-01 4.000000000000000000e+00 1.949218749999999667e-01
2.110787000000000189e-09 9.596225999999999923e-01 6.956568999999999947e-02 7.172729492187500000e+01 2.190392999999999854e-02 1.370003270389364702e-01 4.000000000000000000e+00 1.949218749999999667e-01
2.120953000000000338e-09 9.673287000000000413e-01 7.865999999999999381e-02 7.782470703125000000e+01 2.210258000000000014e-02 1.506648277876683206e-01 5.000000000000000000e+00 1.421875000000000222e-01
2.268112000000000160e-09 9.680549999999999988e-01 1.077044000000000057e-01 7.587646484375000000e+01 2.228884000000000074e-02 1.563259325353428264e-01 5.000000000000000000e+00 1.421875000000000222e-01
2.340147000000000315e-09 9.774365000000000414e-01 1.272695000000000076e-01 7.340087890625000000e+01 2.264982999999999927e-02 1.334464372531813658e-01 4.000000000000000000e+00 1.949218749999999667e-01
2.159495000000000306e-09 9.422681000000000529e-01 7.735488999999999560e-02 6.988159179687500000e+01 2.192393999999999940e-02 1.420852925557105073e-01 4.000000000000000000e+00 1.949218749999999667e-01
2.269447000000000135e-09 9.528037000000000312e-01 1.063964000000000021e-01 7.119262695312500000e+01 2.209519000000000066e-02 1.386034415498673678e-01 4.000000000000000000e+00 1.949218749999999667e-01
2.119516000000000108e-09 9.518556999999999713e-01 7.281218000000000412e-02 7.458740234375000000e+01 2.164452000000000043e-02 1.587538763909056017e-01 5.000000000000000000e+00 1.421875000000000222e-01
2.259008000000000229e-09 9.599756000000000400e-01 1.013201999999999992e-01 7.923095703125000000e+01 2.215492000000000156e-02 1.780024547665070289e-01 6.000000000000000000e+00 1.000005722045898549e-01
2.196734000000000161e-09 9.613848000000000393e-01 9.058496000000000603e-02 7.928955078125000000e+01 2.188278000000000098e-02 1.759066748055436169e-01 6.000000000000000000e+00 1.000005722045898549e-01
2.164820000000000389e-09 9.604316999999999993e-01 8.368478000000000028e-02 7.616943359375000000e+01 2.238207000000000044e-02 1.570335521458714467e-01 5.000000000000000000e+00 1.421875000000000222e-01
2.241296000000000487e-09 9.624945000000000306e-01 1.023564000000000002e-01 7.611083984375000000e+01 2.193660999999999875e-02 1.549135364993006747e-01 5.000000000000000000e+00 1.421875000000000222e-01
2.179937000000000100e-09 9.440307999999999478e-01 8.332124000000000474e-02 7.838134765625000000e+01 2.197587000000000151e-02 1.777553450910715205e-01 6.000000000000000000e+00 1.000005722045898549e-01
2.288771000000000057e-09 9.769020999999999955e-01 1.160522999999999971e-01 7.808837890625000000e+01 2.236892000000000047e-02 1.506073249479000786e-01 5.000000000000000000e+00 1.421875000000000222e-01
2.122087000000000346e-09 9.513089000000000128e-01 6.658904000000000212e-02 7.004272460937500000e+01 2.200074000000000127e-02 1.415334626269054985e-01 4.000000000000000000e+00 1.949218749999999667e-01
2.234076000000000175e-09 9.625645999999999924e-01 9.792586999999999819e-02 7.486572265625000000e+01 2.198009000000000074e-02 1.585889333187859573e-01 5.000000000000000000e+00 1.421875000000000222e-01
2.123587000000000393e-09 9.546715999999999536e-01 7.273604000000000180e-02 7.088500976562500000e+01 2.213640999999999873e-02 1.390469754349447917e-01 4.000000000000000000e+00 1.949218749999999667e-01
2.242407000000000195e-09 9.635962999999999612e-01 1.004256000000000038e-01 7.121459960937500000e+01 2.214802999999999911e-02 1.393615027942801121e-01 4.000000000000000000e+00 1.949218749999999667e-01
2.198194000000000278e-09 9.706453999999999915e-01 9.546472999999999764e-02 7.816162109375000000e+01 2.256553999999999852e-02 1.508801846180730100e-01 5.000000000000000000e+00 1.421875000000000222e-01
2.185965000000000113e-09 9.496107000000000298e-01 8.693504999999999983e-02 7.827880859375000000e+01 2.173059000000000102e-02 1.782577593510786818e-01 6.000000000000000000e+00 1.000005722045898549e-01
2.165204000000000374e-09 9.546076999999999479e-01 8.113555000000000073e-02 7.470458984375000000e+01 2.181053999999999979e-02 1.584789439744114514e-01 5.000000000000000000e+00 1.421875000000000222e-01
2.229976000000000158e-09 9.704336999999999547e-01 9.951184999999999892e-02 7.813232421875000000e+01 2.285552999999999890e-02 1.527900158871997038e-01 5.000000000000000000e+00 1.421875000000000222e-01
2.083573000000000204e-09 9.479868000000000183e-01 5.359035000000000187e-02 7.577392578125000000e+01 2.156015999999999835e-02 1.869963101308326214e-01 6.000000000000000000e+00 1.000005722045898549e-01
2.262142000000000024e-09 9.663564999999999516e-01 1.088004000000000054e-01 7.999267578125000000e+01 2.212739000000000025e-02 1.716573090340141328e-01 6.000000000000000000e+00 1.001464843750000111e-01
2.281623000000000363e-09 9.565217000000000303e-01 1.063127999999999990e-01 7.778076171875000000e+01 2.178572999999999968e-02 1.801665150809967086e-01 6.000000000000000000e+00 1.000005722045898549e-01
2.173643000000000494e-09 9.561298000000000297e-01 8.661600999999999329e-02 7.691650390625000000e+01 2.234101000000000142e-02 1.550872761232499064e-01 5.000000000000000000e+00 1.421875000000000222e-01
2.110919000000000080e-09 9.644437999999999622e-01 7.238039000000000278e-02 7.605224609375000000e+01 2.183326999999999837e-02 1.555844884279142248e-01 5.000000000000000000e+00 1.421875000000000222e-01
2.214911000000000066e-09 9.581260000000000332e-01 8.683034000000000585e-02 7.123657226562500000e+01 2.211557999999999927e-02 1.407048255769157985e-01 4.000000000000000000e+00 1.949218749999999667e-01
2.213937000000000189e-09 9.630862000000000034e-01 9.607913999999999344e-02 7.999267578125000000e+01 2.230023999999999895e-02 1.731105413479364086e-01 6.000000000000000000e+00 1.000005722045898549e-01
2.295707999999999906e-09 9.579465999999999815e-01 1.097289999999999932e-01 7.086303710937500000e+01 2.189914999999999917e-02 1.401620311813241149e-01 4.000000000000000000e+00 1.949218749999999667e-01
2.129646000000000361e-09 9.637618999999999492e-01 7.579948000000000241e-02 7.999267578125000000e+01 2.180717999999999893e-02 1.704114049208560744e-01 6.000000000000000000e+00 1.005859375000000000e-01
2.220181000000000401e-09 9.531946999999999504e-01 9.191201999999999706e-02 7.814697265625000000e+01 2.206783000000000008e-02 1.797571886466785562e-01 6.000000000000000000e+00 1.000005722045898549e-01
2.215806999999999894e-09 9.576805000000000456e-01 9.573078999999999616e-02 7.533447265625000000e+01 2.170052999999999913e-02 1.567003939901611409e-01 5.000000000000000000e+00 1.421875000000000222e-01
2.141324000000000246e-09 9.552764000000000255e-01 7.466425000000000145e-02 7.949462890625000000e+01 2.203714000000000020e-02 1.764612914427109713e-01 6.000000000000000000e+00 1.000005722045898549e-01
2.208155999999999917e-09 9.620627000000000484e-01 8.999459999999999404e-02 7.109741210937500000e+01 2.216856000000000035e-02 1.397855786974858128e-01 4.000000000000000000e+00 1.949218749999999667e-01
2.259647999999999929e-09 9.578008000000000077e-01 1.018402000000000057e-01 7.091430664062500000e+01 2.186648999999999884e-02 1.383203365660183037e-01 4.000000000000000000e+00 1.949218749999999667e-01
2.210383000000000514e-09 9.597788999999999904e-01 9.172763000000000444e-02 7.020385742187500000e+01 2.192293999999999840e-02 1.408137177215025848e-01 4.000000000000000000e+00 1.949218749999999667e-01
2.222670000000000142e-09 9.594285000000000174e-01 9.184175999999999451e-02 7.471923828125000000e+01 2.206926000000000027e-02 1.586936168167114858e-01 5.000000000000000000e+00 1.421875000000000222e-01
2.199610999999999923e-09 9.588438999999999712e-01 8.847947000000000450e-02 7.548095703125000000e+01 2.228596999999999870e-02 1.576934013949014002e-01 5.000000000000000000e+00 1.421875000000000222e-01
2.131455999999999965e-09 9.627369999999999539e-01 7.989538000000000195e-02 7.999267578125000000e+01 2.213802000000000131e-02 1.731693881243553945e-01 6.000000000000000000e+00 1.000005722045898549e-01
2.259122000000000173e-09 9.653180000000000094e-01 1.043750999999999984e-01 7.999267578125000000e+01 2.229000999999999899e-02 1.742364396419399941e-01 6.000000000000000000e+00 1.000005722045898549e-01
2.267678000000000366e-09 9.551066000000000278e-01 1.069554999999999950e-01 7.877685546875000000e+01 2.162096999999999977e-02 1.767184353826033172e-01 6.000000000000000000e+00 1.000005722045898549e-01
2.182709000000000305e-09 9.661748000000000003e-01 8.958125999999999589e-02 7.696044921875000000e+01 2.259910000000000044e-02 1.547043306861214662e-01 5.000000000000000000e+00 1.421875000000000222e-01
2.194306000000000425e-09 9.639581999999999873e-01 8.959717000000000375e-02 7.999267578125000000e+01 2.234117000000000047e-02 1.747315572714447374e-01 6.000000000000000000e+00 1.000005722045898549e-01
2.166722000000000368e-09 9.521481000000000527e-01 8.299117999999999773e-02 7.492431640625000000e+01 2.175739999999999966e-02 1.576463942675386809e-01 5.000000000000000000e+00 1.421875000000000222e-01
2.108445000000000157e-09 9.619054000000000215e-01 6.899191999999999825e-02 7.867431640625000000e+01 2.212866999999999959e-02 1.780007037784930302e-01 6.000000000000000000e+00 1.000005722045898549e-01
2.255447999999999882e-09 9.705099000000000364e-01 1.060229000000000033e-01 7.581787109375000000e+01 2.193306999999999896e-02 1.566520760353994624e-01 5.000000000000000000e+00 1.421875000000000222e-01
2.179638999999999818e-09 9.582382000000000399e-01 8.579443999999999959e-02 7.852783203125000000e+01 2.193708000000000116e-02 1.780615899147407200e-01 6.000000000000000000e+00 1.000005722045898549e-01
2.218262999999999870e-09 9.619919000000000109e-01 9.857974999999999377e-02 7.643310546875000000e+01 2.216481000000000007e-02 1.546301733954434932e-01 5.000000000000000000e+00 1.421875000000000222e-01
2.251081000000000366e-09 9.870775000000000521e-01 1.117342999999999947e-01 7.999267578125000000e+01 2.267069999999999849e-02 1.455712125845508298e-01 5.000000000000000000e+00 1.457031249999999889e-01
2.125942999999999924e-09 9.625462999999999658e-01 7.682071000000000038e-02 7.703369140625000000e+01 2.225252999999999953e-02 1.538383601215431440e-01 5.000000000000000000e+00 1.421875000000000222e-01
2.161050000000000101e-09 9.605019999999999669e-01 8.545758000000000520e-02 7.295776367187500000e+01 2.242678999999999853e-02 1.350618079108087399e-01 4.000000000000000000e+00 1.949218749999999667e-01
2.337868000000000100e-09 9.524068999999999452e-01 1.135554000000000008e-01 7.337158203125000000e+01 2.197400000000000048e-02 1.625655171060481630e-01 5.000000000000000000e+00 1.421875000000000222e-01
2.181169999999999821e-09 9.539649999999999519e-01 8.319633999999999363e-02 7.788330078125000000e+01 2.166741000000000153e-02 1.792707663819068931e-01 6.000000000000000000e+00 1.000005722045898549e-01
2.291296000000000108e-09 9.628465999999999969e-01 1.081880999999999954e-01 7.092163085937500000e+01 2.187168999999999919e-02 1.393843205283108733e-01 4.000000000000000000e+00 1.949218749999999667e-01
2.222142000000000163e-09 9.670585000000000431e-01 9.589775999999999856e-02 7.608154296875000000e+01 2.208784000000000095e-02 1.551956966239523839e-01 5.000000000000000000e+00 1.421875000000000222e-01
2.160581999999999808e-09 9.619695999999999803e-01 8.007006999999999319e-02 7.605224609375000000e+01 2.211257999999999974e-02 1.563474833818249143e-01 5.000000000000000000e+00 1.421875000000000222e-01
2.143028999999999880e-09 9.487191000000000374e-01 7.522144999999999526e-02 7.057739257812500000e+01 2.154792999999999986e-02 1.389338189706413873e-01 4.000000000000000000e+00 1.949218749999999667e-01
2.355532000000000257e-09 9.612551000000000290e-01 1.259817000000000020e-01 7.102416992187500000e+01 2.197042000000000092e-02 1.384085505882775291e-01 4.000000000000000000e+00 1.949218749999999667e-01
2.218240999999999888e-09 9.596065999999999763e-01 9.164495000000000280e-02 7.542236328125000000e+01 2.217372000000000093e-02 1.582393192285427574e-01 5.000000000000000000e+00 1.421875000000000222e-01
2.169048000000000263e-09 9.489965000000000206e-01 7.606652999999999332e-02 7.770751953125000000e+01 2.205390999999999949e-02 1.824176977920969056e-01 6.000000000000000000e+00 1.000005722045898549e-01
2.224363000000000087e-09 9.480412000000000283e-01 9.108280000000000542e-02 7.798583984375000000e+01 2.203901999999999944e-02 1.808990414116314616e-01 6.000000000000000000e+00 1.000005722045898549e-01
2.171739000000000290e-09 9.624475999999999587e-01 8.704219000000000539e-02 7.251098632812500000e+01 2.201060000000000169e-02 1.345839015648776782e-01 4.000000000000000000e+00 1.949218749999999667e-01
2.159719000000000160e-09 9.641897000000000384e-01 7.948602999999999918e-02 7.100219726562500000e+01 2.176441000000000139e-02 1.387165267608367336e-01 4.000000000000000000e+00 1.949218749999999667e-01
2.167602000000000059e-09 9.719552999999999665e-01 8.454380000000000228e-02 7.531982421875000000e+01 2.171512999999999916e-02 1.570254825770710239e-01 5.000000000000000000e+00 1.421875000000000222e-01
2.161319000000000237e-09 9.516172000000000519e-01 8.067483000000000293e-02 7.126586914062500000e+01 2.227403999999999842e-02 1.387605869530841307e-01 4.000000000000000000e+00 1.949218749999999667e-01
2.236280999999999962e-09 9.682085000000000274e-01 9.932931000000000399e-02 7.999267578125000000e+01 2.256870000000000057e-02 1.726305866035550696e-01 6.000000000000000000e+00 1.023437500000000111e-01
2.235770000000000025e-09 9.651389999999999691e-01 1.010814000000000018e-01 7.245239257812500000e+01 2.202770999999999896e-02 1.356270750613942366e-01 4.000000000000000000e+00 1.949218749999999667e-01
2.124389999999999940e-09 9.460013999999999923e-01 7.115006000000000108e-02 7.035766601562500000e+01 2.173508000000000037e-02 1.393381720415720892e-01 4.000000000000000000e+00 1.949218749999999667e-01
2.134637999999999758e-09 9.556044999999999678e-01 7.622692000000000356e-02 7.972900390625000000e+01 2.207175999999999930e-02 1.747537625388579929e-01 6.000000000000000000e+00 1.000005722045898549e-01
2.228406000000000132e-09 9.660562999999999789e-01 9.768873000000000140e-02 7.214477539062500000e+01 2.198088999999999946e-02 1.356701498717394483e-01 4.000000000000000000e+00 1.949218749999999667e-01
2.242246000000000158e-09 9.529467000000000354e-01 9.462125999999999870e-02 6.972045898437500000e+01 2.192322000000000021e-02 1.430027718113297541e-01 4.000000000000000000e+00 1.949218749999999667e-01
2.089351000000000347e-09 9.542142000000000124e-01 6.139659000000000089e-02 7.097290039062500000e+01 2.209724999999999884e-02 1.396393856802146116e-01 4.000000000000000000e+00 1.949218749999999667e-01
2.203729000000000301e-09 9.675072999999999590e-01 9.472448999999999453e-02 7.681396484375000000e+01 2.246099999999999833e-02 1.539266221770054510e-01 5.000000000000000000e+00 1.421875000000000222e-01
2.136499999999999808e-09 9.600492000000000470e-01 7.572855000000000558e-02 7.972900390625000000e+01 2.182361000000000023e-02 1.747014430839343158e-01 6.000000000000000000e+00 1.000005722045898549e-01
2.151304000000000246e-09 9.608807999999999794e-01 8.385520000000000473e-02 7.687255859375000000e+01 2.201024999999999857e-02 1.526249653365087389e-01 5.000000000000000000e+00 1.421875000000000222e-01
2.087772999999999838e-09 9.601121999999999712e-01 6.250115000000000531e-02 7.502685546875000000e+01 2.210844000000000004e-02 1.593060178452924969e-01 5.000000000000000000e+00 1.421875000000000222e-01
2.141436999999999871e-09 9.464413999999999882e-01 7.659871999999999514e-02 7.048217773437500000e+01 2.150646000000000155e-02 1.396451702877211654e-01 4.000000000000000000e+00 1.949218749999999667e-01
2.172984000000000114e-09 9.626907000000000103e-01 8.779428000000000232e-02 7.258422851562500000e+01 2.195170000000000107e-02 1.351584419839153839e-01 4.000000000000000000e+00 1.949218749999999667e-01
2.237509000000000157e-09 9.630629000000000550e-01 1.002061999999999953e-01 7.499755859375000000e+01 2.210269999999999943e-02 1.581063241062224956e-01 5.000000000000000000e+00 1.421875000000000222e-01
2.180516000000000207e-09 9.572062999999999544e-01 8.569498999999999866e-02 6.996215820312500000e+01 2.165558000000000066e-02 1.409231931600313237e-01 4.000000000000000000e+00 1.949218749999999667e-01
2.229131000000000458e-09 9.596046000000000298e-01 9.818370999999999349e-02 7.926025390625000000e+01 2.192188000000000123e-02 1.756093512302920046e-01 6.000000000000000000e+00 1.000005722045898549e-01
2.165508000000000087e-09 9.642557999999999963e-01 8.640544000000000002e-02 7.999267578125000000e+01 2.237648999999999888e-02 1.722312006667657547e-01 6.000000000000000000e+00 1.046875000000000028e-01
2.202393000000000007e-09 9.593194000000000443e-01 9.097093000000000540e-02 7.999267578125000000e+01 2.233117999999999909e-02 1.749793950653933394e-01 6.000000000000000000e+00 1.000005722045898549e-01
2.120788999999999758e-09 9.716534999999999478e-01 7.566731999999999625e-02 7.251098632812500000e+01 2.215440000000000118e-02 1.356306657701990270e-01 4.000000000000000000e+00 1.949218749999999667e-01
2.209062000000000038e-09 9.664241999999999555e-01 9.524594999999999589e-02 7.254760742187500000e+01 2.233241999999999866e-02 1.354816597093319308e-01 4.000000000000000000e+00 1.949218749999999667e-01
2.194102000000000330e-09 9.600522999999999696e-01 9.121142000000000138e-02 7.649169921875000000e+01 2.201805999999999902e-02 1.541024061289429647e-01 5.000000000000000000e+00 1.421875000000000222e-01
2.132324000000000380e-09 9.538986999999999883e-01 7.269723999999999631e-02 7.779541015625000000e+01 2.189943000000000098e-02 1.806855955133737368e-01 6.000000000000000000e+00 1.000005722045898549e-01
2.141042000000000101e-09 9.550456000000000500e-01 7.137780999999999987e-02 7.303100585937500000e+01 2.154139000000000054e-02 1.625194451698084852e-01 5.000000000000000000e+00 1.421875000000000222e-01
2.293683000000000422e-09 9.676181000000000365e-01 1.142013000000000056e-01 7.143432617187500000e+01 2.171205000000000010e-02 1.357258524821682855e-01 4.000000000000000000e+00 1.949218749999999667e-01
2.163434000000000286e-09 9.674835999999999991e-01 8.562939999999999441e-02 7.999267578125000000e+01 2.209064000000000166e-02 1.719192540124312440e-01 6.000000000000000000e+00 1.017578125000000167e-01
